----------
Unigrams has 0,0,0(0)
For -1, Markov has 0,2.2227e-314,0(0)
For -1, Self-Markov has 2.122e-314,2.2227e-314,0(0)For -1, Dual-Markov has 2.122e-314,2.2227e-314,0(0)
Long pattern matcher has 0,0,0(0)
[0.32947,0.503863,0.166667]
[0.333333,0.333333,0.333333]
I am inconfident, and played randomly. (0)
----------
0.933333 0.0333333 0.0333333 
0.9 0.1 0 
0.9 0.0511589 0.0488411 
0.9 0.0511589 0.0488411 
0.933333 0.0333333 0.0333333 
0.933333 0.0333333 0.0333333 
0.316667 0.350386 0.332947 
Going to flip (1). Array is [0.316667,0.350386,0.332947]
Flipped. New array is [0.350386,0.332947,0.316667]
----------
Unigrams has 0,0,1(0)
For 2, Markov has 0,0,0(0)
For 1, Self-Markov has 0,0,0(0)For 7, Dual-Markov has 0,0,0(0)
Long pattern matcher has 0,0,0(0)
[0.446491,0.276754,0.276754]
[0.350386,0.332947,0.316667]
I am inconfident, and played randomly. (0.0337196)
----------
0.94 0.03 0.03 
0.843333 0.123333 0.0333333 
0.843333 0.0793764 0.0772903 
0.843333 0.0793764 0.0772903 
0.873333 0.0633333 0.0633333 
0.873333 0.0633333 0.0633333 
0.329769 0.317213 0.353018 
Going to flip (2). Array is [0.329769,0.317213,0.353018]
Flipped. New array is [0.353018,0.329769,0.317213]
----------
Unigrams has 0,0,1.96(0)
For 2, Markov has 0,0,1(0)
For 1, Self-Markov has 0,0,1(0)For 7, Dual-Markov has 0,0,1(0)
Long pattern matcher has 0,0,0(0)
Self pattern matcher has 0,0,300(0)
[0.0554177,0.0554177,0.889165]
[0.353018,0.329769,0.317213]
I am inconfident, and played randomly. (0.0358045)
----------
0.946 0.027 0.027 
0.859 0.111 0.03 
0.859 0.0714387 0.0695613 
0.859 0.0714387 0.0695613 
0.819333 0.0903333 0.0903333 
0.886 0.057 0.057 
0.580344 0.213444 0.206212 
----------
Unigrams has 0,0,2.8816(0)
For 2, Markov has 0,0,1.95(0)
For 2, Self-Markov has 0,0,0(0)For 8, Dual-Markov has 0,0,0(0)
Long pattern matcher has 0,0,1(0)
Self pattern matcher has 0,0,300(0)
[0.107739,0.107739,0.784522]
[0.580344,0.213444,0.206212]
I am confident. (0.374132)
----------
0.8514 0.1243 0.0243 
0.7731 0.1999 0.027 
0.806433 0.0976282 0.0959385 
0.806433 0.0976282 0.0959385 
0.7374 0.1813 0.0813 
0.7974 0.1513 0.0513 
0.395272 0.437078 0.16765 
----------
Unigrams has 1,0,2.76634(0)
For 0, Markov has 0,0,0(0)
For 0, Self-Markov has 0,0,0(0)For 0, Dual-Markov has 0,0,0(0)
Long pattern matcher has 0,0,0(0)
Self pattern matcher has 300,0,0(0)
[0.433712,0.214054,0.352234]
[0.395272,0.437078,0.16765]
I am confident. (0.227622)
----------
0.792811 0.185319 0.02187 
0.729123 0.213243 0.0576333 
0.759123 0.121199 0.119678 
0.759123 0.121199 0.119678 
0.696993 0.196503 0.106503 
0.81766 0.13617 0.04617 
0.409204 0.406327 0.184468 
----------
Unigrams has 1.96,0,2.65568(0)
For 0, Markov has 1,0,0(0)
For 0, Self-Markov has 1,0,0(0)For 0, Dual-Markov has 1,0,0(0)
Long pattern matcher has 0,0,0(0)
Self pattern matcher has 300,0,0(0)
[0.794963,0.0482036,0.156834]
[0.409204,0.406327,0.184468]
I am confident. (0.224736)
----------
0.71353 0.209251 0.0772191 
0.656211 0.291919 0.05187 
0.683211 0.209079 0.10771 
0.683211 0.209079 0.10771 
0.660627 0.210186 0.129186 
0.735894 0.222553 0.041553 
0.287837 0.536985 0.175178 
Going to flip (1). Array is [0.287837,0.536985,0.175178]
Flipped. New array is [0.536985,0.175178,0.287837]
----------
Unigrams has 1.8816,1,2.54946(0)
For 1, Markov has 0,0,0(0)
For 1, Self-Markov has 0,0,1.67188(0)For 4, Dual-Markov has 0,0,0(0)
Long pattern matcher has 0,0,0(0)
Self pattern matcher has 0,300,3(0)
[0.401251,0.21863,0.380119]
[0.536985,0.175178,0.287837]
I am confident. (0.249148)
----------
0.689119 0.206739 0.104142 
0.623923 0.29606 0.0800163 
0.71489 0.188171 0.0969392 
0.648223 0.221504 0.130272 
0.627898 0.222501 0.149601 
0.663295 0.299308 0.0373977 
0.463422 0.195555 0.341024 
Going to flip (2). Array is [0.463422,0.195555,0.341024]
Flipped. New array is [0.341024,0.463422,0.195555]
----------
Unigrams has 1.80634,0.96,3.44748(0)
For 2, Markov has 0.857375,0,1.58829(0)
For 0, Self-Markov has 0.9025,0.95,0(0)For 6, Dual-Markov has 0,0,0(0)
Long pattern matcher has 0,0,0(0)
Self pattern matcher has 0,0,300(0)
[0.295004,0.21946,0.485536]
[0.341024,0.463422,0.195555]
I am inconfident, and played randomly. (0.145469)
----------
0.635657 0.215134 0.149209 
0.561531 0.301511 0.136958 
0.694683 0.218072 0.0872452 
0.616734 0.232687 0.150579 
0.598441 0.233584 0.167974 
0.596965 0.269377 0.133658 
0.271104 0.366554 0.362342 
Going to flip (1). Array is [0.271104,0.366554,0.362342]
Flipped. New array is [0.366554,0.362342,0.271104]
----------
Unigrams has 1.73408,1.9216,3.30958(0)
For 1, Markov has 0,0,0.95(0)
For 2, Self-Markov has 0.814506,0,0(0)For 5, Dual-Markov has 0,0,0(0)
Long pattern matcher has 0,0,0(0)
Self pattern matcher has 0,300,0(0)
[0.331639,0.356942,0.311419]
[0.366554,0.362342,0.271104]
I am inconfident, and played randomly. (0.0954495)
----------
0.599679 0.218517 0.181804 
0.505378 0.27136 0.223262 
0.625215 0.296265 0.0785207 
0.588394 0.242752 0.168854 
0.571931 0.243559 0.18451 
0.637269 0.242439 0.120292 
0.360209 0.342074 0.297717 
----------
Unigrams has 1.66472,2.84474,3.17719(0)
For 1, Markov has 0,1,0.9025(0)
For 1, Self-Markov has 0,0,2.33593(0)For 4, Dual-Markov has 0,0,0.9216(0)
Long pattern matcher has 0,0,0(0)
Self pattern matcher has 0,300,0(0)
[0.545365,0.0854426,0.369192]
[0.360209,0.342074,0.297717]
I am inconfident, and played randomly. (0.0624917)
----------
0.581045 0.233674 0.185281 
0.502278 0.296787 0.200936 
0.662693 0.266638 0.0706686 
0.629555 0.218477 0.151969 
0.548071 0.252537 0.199392 
0.573542 0.318195 0.108263 
0.365636 0.187038 0.447326 
Going to flip (2). Array is [0.365636,0.187038,0.447326]
Flipped. New array is [0.447326,0.365636,0.187038]
----------
Unigrams has 1.59813,2.73095,4.05011(0)
For 2, Markov has 0.735092,0.9025,1.36176(0)
For 2, Self-Markov has 0.735092,0.95,0(0)For 8, Dual-Markov has 0.782758,0,0(0)
Long pattern matcher has 0,1,0(0)
Self pattern matcher has 1,0,300(0)
[0.343604,0.349561,0.306835]
[0.447326,0.365636,0.187038]
I am confident. (0.260288)
----------
0.555533 0.229379 0.215088 
0.48214 0.291616 0.226244 
0.652801 0.283598 0.0636018 
0.566599 0.296629 0.136772 
0.593264 0.227283 0.179453 
0.516188 0.286708 0.197104 
0.380524 0.350581 0.268895 
----------
Unigrams has 1.53421,3.62171,3.8881(0)
For 1, Markov has 0,0.9025,1.76451(0)
For 1, Self-Markov has 0,0,3.05818(0)For 4, Dual-Markov has 0,0,1.80935(0)
Long pattern matcher has 0,3,0(0)
Self pattern matcher has 0,300,1(0)
[0.0245936,0.406582,0.568825]
[0.380524,0.350581,0.268895]
I am inconfident, and played randomly. (0.111629)
----------
0.516943 0.249432 0.233624 
0.433926 0.328615 0.237459 
0.587521 0.355238 0.0572416 
0.509939 0.366966 0.123095 
0.533937 0.204555 0.261508 
0.464569 0.258369 0.277062 
0.15808 0.486976 0.354944 
Going to flip (1). Array is [0.15808,0.486976,0.354944]
Flipped. New array is [0.486976,0.354944,0.15808]
----------
Unigrams has 2.47284,3.47684,3.73258(0)
For 0, Markov has 0.698337,0.735092,0(0)
For 0, Self-Markov has 0.698337,1.5496,0(0)For 0, Dual-Markov has 0.751447,0.782758,0(0)
Long pattern matcher has 0,0,0(0)
Self pattern matcher has 300,1,0(0)
[0.107726,0.430826,0.461447]
[0.486976,0.354944,0.15808]
I am confident. (0.328896)
----------
0.5038 0.260399 0.235802 
0.390533 0.347036 0.262431 
0.528769 0.388648 0.0825832 
0.458945 0.38129 0.159765 
0.513877 0.217433 0.26869 
0.418112 0.232865 0.349023 
Going to flip (2). Array is [0.418112,0.232865,0.349023]
Flipped. New array is [0.349023,0.418112,0.232865]
0.469107 0.40806 0.122834 
----------
Unigrams has 2.37392,3.33777,4.58328(0)
For 2, Markov has 0.630249,1.67628,1.16754(0)
For 2, Self-Markov has 0.630249,1.71701,0(0)For 8, Dual-Markov has 0.692534,0.9216,0(0)
Long pattern matcher has 0,0,1(0)
Self pattern matcher has 0,3,300(1)
[0.271192,0.222484,0.506324]
[0.469107,0.40806,0.122834]
I am confident. (0.346273)
----------
0.485841 0.257418 0.256741 
0.399731 0.330474 0.269795 
0.549041 0.376634 0.0743248 
0.470146 0.386065 0.143788 
0.462489 0.195689 0.341821 
Going to flip (2). Array is [0.462489,0.195689,0.341821]
Flipped. New array is [0.341821,0.462489,0.195689]
0.528525 0.303813 0.167663 
0.311275 0.320467 0.368258 
Going to flip (2). Array is [0.311275,0.320467,0.368258]
Flipped. New array is [0.368258,0.311275,0.320467]
----------
Unigrams has 2.27897,4.20426,4.39994(0)
For 1, Markov has 0.9025,0.773781,1.51284(0)
For 0, Self-Markov has 0.630249,1.39851,0.95(0)For 3, Dual-Markov has 0,0,0(0)
Long pattern matcher has 1,1,0(1)
Self pattern matcher has 1,300,0(1)
[0.435906,0.270944,0.293149]
[0.368258,0.311275,0.320467]
I am inconfident, and played randomly. (0.0477907)
----------
0.475888 0.252616 0.271496 
0.384021 0.325726 0.290253 
0.541087 0.360129 0.0987848 
0.456465 0.380792 0.162743 
0.246111 0.472992 0.280896 
Going to flip (1). Array is [0.246111,0.472992,0.280896]
Flipped. New array is [0.472992,0.280896,0.246111]
0.390051 0.485344 0.124605 
0.298973 0.40001 0.301018 
Going to flip (1). Array is [0.298973,0.40001,0.301018]
Flipped. New array is [0.40001,0.301018,0.298973]
----------
Unigrams has 2.18781,5.03609,4.22395(0)
For 1, Markov has 0.857375,1.73509,1.4372(0)
For 2, Self-Markov has 0.5688,2.4996,0(0)For 5, Dual-Markov has 0,0.782758,0(0)
Long pattern matcher has 0,0,3(3)
Self pattern matcher has 0,302,0(1)
[0.219939,0.26626,0.513801]
[0.40001,0.301018,0.298973]
I am inconfident, and played randomly. (0.101037)
----------
0.472291 0.246466 0.281244 
0.388677 0.31443 0.296893 
0.56844 0.342653 0.0889063 
0.510819 0.342713 0.146468 
0.272444 0.161796 0.56576 
Going to flip (2). Array is [0.272444,0.161796,0.56576]
Flipped. New array is [0.56576,0.272444,0.161796]
0.294177 0.611846 0.0939774 
Going to flip (1). Array is [0.294177,0.611846,0.0939774]
Flipped. New array is [0.611846,0.0939774,0.294177]
0.297078 0.238621 0.464301 
Going to flip (2). Array is [0.297078,0.238621,0.464301]
Flipped. New array is [0.464301,0.297078,0.238621]
----------
Unigrams has 2.1003,5.83464,4.05499(0)
For 1, Markov has 0.814506,2.64834,1.36534(0)
For 2, Self-Markov has 0.54036,3.37462,0(0)For 5, Dual-Markov has 0,1.75145,0(0)
Long pattern matcher has 0,1,1(4)
Self pattern matcher has 0,300,0(3)
[0.171569,0.779432,0.0489989]
[0.464301,0.297078,0.238621]
I am confident. (0.225681)
----------
0.473724 0.239336 0.286939 
0.404661 0.299857 0.295483 
0.597794 0.32219 0.0800157 
0.559737 0.308442 0.131822 
0.530302 0.395142 0.0745557 
0.765803 0.0567022 0.177494 
0.721343 0.194704 0.0839524 
----------
Unigrams has 2.01628,6.60126,3.89279(0)
For 1, Markov has 0.773781,3.51592,1.29707(0)
For 2, Self-Markov has 0.513342,4.20589,0(0)For 5, Dual-Markov has 0,2.68139,0(0)
Long pattern matcher has 0,4,1(4)
Self pattern matcher has 0,301,0(3)
[0.203939,0.759544,0.0365177]
[0.721343,0.194704,0.0839524]
I am confident. (0.637391)
----------
0.479118 0.23152 0.289362 
0.427128 0.283721 0.289151 
0.627137 0.300849 0.0720141 
0.603763 0.277597 0.118639 
0.36671 0.59566 0.0376298 
0.851748 0.0358939 0.112358 
0.749768 0.201576 0.0486562 
----------
Unigrams has 1.93563,7.33721,3.73708(0)
For 1, Markov has 0.735092,4.34012,1.23222(0)
For 2, Self-Markov has 0.487675,4.99559,0(0)For 5, Dual-Markov has 0,3.57413,0(0)
Long pattern matcher has 816,0,0(4)
Self pattern matcher has 1116,0,0(3)
[0.341921,0.489578,0.1685]
[0.749768,0.201576,0.0486562]
I am confident. (0.701112)
----------
0.459931 0.264765 0.275304 
0.403951 0.324159 0.27189 
0.564423 0.36187 0.0737066 
0.543387 0.349838 0.106776 
0.655333 0.324187 0.0204799 
0.561917 0.02368 0.414404 
Going to flip (2). Array is [0.561917,0.02368,0.414404]
Flipped. New array is [0.414404,0.561917,0.02368]
0.354686 0.397328 0.247986 
----------
Unigrams has 1.85821,7.04372,4.58759(0)
For 2, Markov has 0.463291,2.006,0.858247(0)
For 1, Self-Markov has 0.698337,0,2.02886(0)For 7, Dual-Markov has 0,0,1.01999(0)
Long pattern matcher has 0,0,0(4)
Self pattern matcher has 0,0,300(4)
[0.167912,0.342951,0.489137]
[0.354686,0.397328,0.247986]
I am inconfident, and played randomly. (0.1067)
----------
0.447947 0.290504 0.261549 
0.389348 0.352028 0.258624 
0.582375 0.325683 0.0919424 
0.589048 0.314854 0.096098 
0.520036 0.32803 0.151934 
0.218713 0.768789 0.0124977 
Going to flip (1). Array is [0.218713,0.768789,0.0124977]
Flipped. New array is [0.768789,0.0124977,0.218713]
0.438277 0.363521 0.198202 
----------
Unigrams has 1.78388,6.76197,5.40409(0)
For 2, Markov has 0.440127,1.9057,1.81533(0)
For 1, Self-Markov has 0.66342,0,2.92741(0)For 7, Dual-Markov has 0,0,1.97919(0)
Long pattern matcher has 0,0,0(4)
Self pattern matcher has 0,0,300(6)
[0.113118,0.123011,0.763871]
[0.438277,0.363521,0.198202]
I am confident. (0.240075)
----------
0.451625 0.274242 0.274133 
0.396211 0.327402 0.276388 
0.524137 0.31159 0.164273 
0.530143 0.283369 0.186488 
0.447566 0.330089 0.222346 
0.3246 0.00527682 0.670123 
Going to flip (2). Array is [0.3246,0.00527682,0.670123]
Flipped. New array is [0.670123,0.3246,0.00527682]
0.258717 0.220904 0.520379 
Going to flip (2). Array is [0.258717,0.220904,0.520379]
Flipped. New array is [0.520379,0.258717,0.220904]
----------
Unigrams has 1.71252,7.49149,5.18793(0)
For 1, Markov has 0.630249,3.72111,1.95898(0)
For 0, Self-Markov has 0.440127,1.71173,0.66342(0)For 3, Dual-Markov has 0,0.782758,0(0)
Long pattern matcher has 0,0,0(4)
Self pattern matcher has 0,300,0(7)
[0.423385,0.138058,0.438556]
[0.520379,0.258717,0.220904]
I am confident. (0.299475)
----------
0.418362 0.282865 0.298773 
0.366577 0.325706 0.307717 
0.487357 0.303996 0.208647 
0.477129 0.255032 0.267839 
0.406517 0.331255 0.262228 
0.888575 0.109642 0.00178239 
0.456786 0.376627 0.166587 
----------
Unigrams has 2.64402,7.19183,4.98041(0)
For 0, Markov has 0.41812,0.440127,0.630249(0)
For 0, Self-Markov has 1.41812,1.62614,0.630249(0)For 0, Dual-Markov has 0.499587,0.520403,0.692534(0)
Long pattern matcher has 1,0,0(4)
Self pattern matcher has 312,0,1(7)
[0.156243,0.722113,0.121644]
[0.456786,0.376627,0.166587]
I am confident. (0.290199)
----------
0.394371 0.288193 0.317436 
0.358009 0.335476 0.306514 
0.477215 0.290749 0.232037 
0.458589 0.269968 0.271443 
0.270981 0.55422 0.174799 
Going to flip (1). Array is [0.270981,0.55422,0.174799]
Flipped. New array is [0.55422,0.174799,0.270981]
0.350098 0.647263 0.00263836 
0.276437 0.223618 0.499945 
Going to flip (2). Array is [0.276437,0.223618,0.499945]
Flipped. New array is [0.499945,0.276437,0.223618]
----------
Unigrams has 3.53826,6.90416,4.78119(0)
For 0, Markov has 1.39721,0.41812,0.598737(0)
For 2, Self-Markov has 0.377354,3.86549,0.814506(0)For 2, Dual-Markov has 0,0,0(0)
Long pattern matcher has 13,0,1(6)
Self pattern matcher has 300,1,0(7)
[0.424138,0.32945,0.246413]
[0.499945,0.276437,0.223618]
I am confident. (0.276327)
----------
0.38634 0.304725 0.308934 
0.34701 0.319249 0.333741 
Going to flip (2). Array is [0.34701,0.319249,0.333741]
Flipped. New array is [0.333741,0.34701,0.319249]
0.445599 0.338107 0.216295 
0.446063 0.276304 0.277632 
0.328888 0.0932156 0.577896 
Going to flip (2). Array is [0.328888,0.0932156,0.577896]
Flipped. New array is [0.577896,0.328888,0.0932156]
0.709209 0.287773 0.0030182 
0.327528 0.312489 0.359983 
Going to flip (2). Array is [0.327528,0.312489,0.359983]
Flipped. New array is [0.359983,0.327528,0.312489]
----------
Unigrams has 3.39673,6.62799,5.58995(0)
For 2, Markov has 0.358486,2.40958,1.4786(1)
For 1, Self-Markov has 0.54036,0.857375,2.3844(0)For 7, Dual-Markov has 0,0.884736,1.68102(0)
Long pattern matcher has 0,1,3(7)
Self pattern matcher has 0,0,300(7)
[0.106511,0.724583,0.168906]
[0.359983,0.327528,0.312489]
I am inconfident, and played randomly. (0.0474945)
----------
0.390154 0.296006 0.31384 
0.337783 0.408721 0.253496 
0.423708 0.318583 0.257709 
0.435939 0.248674 0.315387 
0.676577 0.283655 0.0397675 
0.857472 0.141049 0.00147934 
0.631263 0.163081 0.205656 
----------
Unigrams has 3.26086,7.36287,5.36635(0)
For 1, Markov has 1.37072,3.03087,1.5956(1)
For 0, Self-Markov has 2.11836,1.39421,0.54036(0)For 3, Dual-Markov has 0.884736,0.664833,0(0)
Long pattern matcher has 1,3,0(7)
Self pattern matcher has 1,300,3(7)
[0.791818,0.090125,0.118057]
[0.631263,0.163081,0.205656]
I am confident. (0.425606)
----------
0.371531 0.299966 0.328503 
0.381694 0.361519 0.256787 
0.433604 0.300058 0.266338 
0.449441 0.223807 0.326752 
0.715201 0.265951 0.0188481 
0.91813 0.0764571 0.00541276 
0.740383 0.132481 0.127136 
----------
Unigrams has 4.13043,7.06836,5.15169(0)
For 0, Markov has 1.19794,0.358486,1.41584(1)
For 1, Self-Markov has 0.487675,1.72378,2.15192(0)For 1, Dual-Markov has 0,0,0(0)
Long pattern matcher has 4,0,3(7)
Self pattern matcher has 300,0,1(7)
[0.0413775,0.235392,0.72323]
[0.740383,0.132481,0.127136]
I am confident. (0.613247)
----------
0.35964 0.301477 0.338883 
Going to flip (2). Array is [0.35964,0.301477,0.338883]
Flipped. New array is [0.338883,0.35964,0.301477]
0.31752 0.371724 0.310756 
Going to flip (1). Array is [0.31752,0.371724,0.310756]
Flipped. New array is [0.371724,0.310756,0.31752]
0.401421 0.31937 0.27921 
0.43783 0.234759 0.327411 
0.369445 0.413631 0.216924 
0.52151 0.47398 0.00450969 
0.305826 0.499738 0.194437 
Going to flip (1). Array is [0.305826,0.499738,0.194437]
Flipped. New array is [0.499738,0.194437,0.305826]
----------
Unigrams has 4.96521,6.78562,4.94563(1)
For 0, Markov has 2.13804,0.340562,1.34505(3)
For 0, Self-Markov has 2.86182,1.25828,0.487675(0)For 0, Dual-Markov has 1.2567,0.424322,0.564673(0)
Long pattern matcher has 9,0,7(7)
Self pattern matcher has 302,0,1(7)
[0.676196,0.184356,0.139448]
[0.499738,0.194437,0.305826]
I am confident. (0.193912)
----------
0.357791 0.342207 0.300002 
0.44607 0.327024 0.226906 
0.423387 0.298016 0.278597 
0.450008 0.236428 0.313564 
0.205007 0.479892 0.315102 
Going to flip (1). Array is [0.205007,0.479892,0.315102]
Flipped. New array is [0.479892,0.315102,0.205007]
0.313538 0.682435 0.00402741 
Going to flip (1). Array is [0.313538,0.682435,0.00402741]
Flipped. New array is [0.682435,0.00402741,0.313538]
0.62279 0.156091 0.221119 
----------
Unigrams has 5.7666,6.5142,4.7478(1)
For 0, Markov has 3.03114,0.323534,1.2778(3)
For 1, Self-Markov has 1.39013,1.55571,1.94211(0)For 1, Dual-Markov has 0.96,0,0(0)
Long pattern matcher has 20,0,4(9)
Self pattern matcher has 303,0,1(9)
[0.153564,0.781957,0.0644792]
[0.62279,0.156091,0.221119]
I am confident. (0.40167)
----------
0.364276 0.341273 0.294451 
0.522494 0.308239 0.169267 
0.409488 0.307947 0.282564 
0.505007 0.212785 0.282208 
0.676432 0.23256 0.0910073 
0.845553 0.0036444 0.150802 
0.323607 0.0976784 0.578714 
Going to flip (2). Array is [0.323607,0.0976784,0.578714]
Flipped. New array is [0.578714,0.323607,0.0976784]
----------
Unigrams has 6.53594,6.25363,4.55789(1)
For 0, Markov has 3.87958,0.307357,1.21391(3)
For 2, Self-Markov has 0.27739,2.84149,1.37252(0)For 2, Dual-Markov has 0,0,0.815373(0)
Long pattern matcher has 30,0,7(9)
Self pattern matcher has 300,1,0(9)
[0.708178,0.0589661,0.232856]
[0.578714,0.323607,0.0976784]
I am confident. (0.481036)
----------
0.339319 0.345997 0.314684 
0.364066 0.447784 0.188151 
0.431805 0.283329 0.284867 
0.454506 0.191507 0.353987 
Going to flip (2). Array is [0.454506,0.191507,0.353987]
Flipped. New array is [0.353987,0.454506,0.191507]
0.331135 0.527739 0.141126 
Going to flip (1). Array is [0.331135,0.527739,0.141126]
Flipped. New array is [0.527739,0.141126,0.331135]
0.443702 0.477448 0.0788504 
0.209648 0.596686 0.193666 
Going to flip (1). Array is [0.209648,0.596686,0.193666]
Flipped. New array is [0.596686,0.193666,0.209648]
----------
Unigrams has 6.2745,7.00348,4.37557(1)
For 1, Markov has 1.87514,2.34523,1.23464(3)
For 1, Self-Markov has 2.20459,1.40403,1.75275(0)For 4, Dual-Markov has 0.479603,0,0.833058(1)
Long pattern matcher has 0,0,0(11)
Self pattern matcher has 3,301,1(9)
[0.207858,0.186469,0.605673]
[0.596686,0.193666,0.209648]
I am confident. (0.387038)
----------
0.318171 0.357725 0.324104 
Going to flip (1). Array is [0.318171,0.357725,0.324104]
Flipped. New array is [0.357725,0.324104,0.318171]
0.384893 0.414882 0.200226 
0.414812 0.296116 0.289072 
0.432568 0.327244 0.240188 
0.409468 0.25806 0.332472 
0.682385 0.271972 0.0456431 
0.281611 0.204567 0.513823 
Going to flip (2). Array is [0.281611,0.204567,0.513823]
Flipped. New array is [0.513823,0.281611,0.204567]
----------
Unigrams has 6.02352,7.72335,4.20055(3)
For 1, Markov has 1.78138,3.22797,1.17291(3)
For 0, Self-Markov has 3.18835,1.02487,0.397214(0)For 3, Dual-Markov has 1.50791,0.520403,0(1)
Long pattern matcher has 1,3,1(11)
Self pattern matcher has 5,301,6(9)
[0.181839,0.613883,0.204278]
[0.513823,0.281611,0.204567]
I am confident. (0.309256)
----------
0.349215 0.289434 0.36135 
Going to flip (2). Array is [0.349215,0.289434,0.36135]
Flipped. New array is [0.36135,0.349215,0.289434]
0.356388 0.348544 0.295068 
0.442486 0.27512 0.282395 
0.386456 0.436285 0.177258 
0.292682 0.448704 0.258614 
Going to flip (1). Array is [0.292682,0.448704,0.258614]
Flipped. New array is [0.448704,0.258614,0.292682]
0.412194 0.169492 0.418314 
Going to flip (2). Array is [0.412194,0.169492,0.418314]
Flipped. New array is [0.418314,0.412194,0.169492]
0.243436 0.218627 0.537937 
Going to flip (2). Array is [0.243436,0.218627,0.537937]
Flipped. New array is [0.537937,0.243436,0.218627]
----------
Unigrams has 6.78258,7.41441,4.03253(4)
For 0, Markov has 3.32626,1.16602,1.04077(3)
For 2, Self-Markov has 0.237827,3.33873,1.17676(0)For 2, Dual-Markov has 0,0.9216,0.72139(1)
Long pattern matcher has 5,0,1(13)
Self pattern matcher has 300,14,1(10)
[0.28646,0.490337,0.223203]
[0.537937,0.243436,0.218627]
I am confident. (0.31931)
----------
0.290161 0.378429 0.331409 
Going to flip (1). Array is [0.290161,0.378429,0.331409]
Flipped. New array is [0.378429,0.331409,0.290161]
0.31631 0.418055 0.265635 
Going to flip (1). Array is [0.31631,0.418055,0.265635]
Flipped. New array is [0.418055,0.265635,0.31631]
0.468477 0.252611 0.278912 
0.399389 0.466922 0.133688 
0.2665 0.0915416 0.641959 
Going to flip (2). Array is [0.2665,0.0915416,0.641959]
Flipped. New array is [0.641959,0.2665,0.0915416]
0.200624 0.219354 0.580022 
Going to flip (2). Array is [0.200624,0.219354,0.580022]
Flipped. New array is [0.580022,0.200624,0.219354]
0.497402 0.280074 0.222523 
----------
Unigrams has 6.51128,8.11784,3.87123(6)
For 1, Markov has 2.5577,2.91324,1.05855(5)
For 2, Self-Markov has 0.225936,4.17179,1.11792(0)For 5, Dual-Markov has 0,1.93749,0.564673(1)
Long pattern matcher has 0,1,1(14)
Self pattern matcher has 1,304,0(11)
[0.181904,0.473527,0.344568]
[0.497402,0.280074,0.222523]
I am confident. (0.274879)
----------
0.275843 0.396526 0.327632 
Going to flip (1). Array is [0.275843,0.396526,0.327632]
Flipped. New array is [0.396526,0.327632,0.275843]
0.429865 0.318605 0.25153 
0.441898 0.302985 0.255117 
0.307042 0.411141 0.281817 
Going to flip (1). Array is [0.307042,0.411141,0.281817]
Flipped. New array is [0.411141,0.281817,0.307042]
0.540199 0.0754663 0.384334 
Going to flip (2). Array is [0.540199,0.0754663,0.384334]
Flipped. New array is [0.384334,0.540199,0.0754663]
0.838169 0.0783679 0.0834635 
0.378741 0.430273 0.190986 
----------
Unigrams has 6.25083,7.79312,4.71638(8)
For 2, Markov has 0.214639,2.07295,0.885293(5)
For 2, Self-Markov has 0.214639,3.9632,2.06203(0)For 8, Dual-Markov has 0.293858,0.833058,0(3)
Long pattern matcher has 0,4,0(15)
Self pattern matcher has 3,7,301(11)
[0.341106,0.148388,0.510506]
[0.378741,0.430273,0.190986]
I am confident. (0.187754)
----------
0.40946 0.331442 0.259098 
0.516597 0.221204 0.262199 
0.430754 0.336201 0.233045 
0.252862 0.457913 0.289226 
Going to flip (1). Array is [0.252862,0.457913,0.289226]
Flipped. New array is [0.457913,0.289226,0.252862]
0.0870674 0.895836 0.0170962 
Going to flip (1). Array is [0.0870674,0.895836,0.0170962]
Flipped. New array is [0.895836,0.0170962,0.0870674]
0.375238 0.0393648 0.585397 
Going to flip (2). Array is [0.375238,0.0393648,0.585397]
Flipped. New array is [0.585397,0.375238,0.0393648]
0.472132 0.230482 0.297386 
----------
Unigrams has 6.00079,7.4814,5.52772(8)
For 2, Markov has 0.203907,1.96931,1.84103(5)
For 0, Self-Markov has 3.4543,0.834766,0.323534(0)For 6, Dual-Markov has 0,0.332142,0(5)
Long pattern matcher has 1,1,1(17)
Self pattern matcher has 1,1,306(12)
[0.16997,0.561883,0.268147]
[0.472132,0.230482,0.297386]
I am confident. (0.174745)
----------
0.335096 0.37036 0.294544 
0.495767 0.317992 0.18624 
0.462567 0.309595 0.227838 
0.225302 0.650285 0.124413 
Going to flip (1). Array is [0.225302,0.650285,0.124413]
Flipped. New array is [0.650285,0.124413,0.225302]
0.435277 0.276021 0.288702 
0.204646 0.779612 0.0157421 
Going to flip (1). Array is [0.204646,0.779612,0.0157421]
Flipped. New array is [0.779612,0.0157421,0.204646]
0.276364 0.254885 0.468752 
Going to flip (2). Array is [0.276364,0.254885,0.468752]
Flipped. New array is [0.468752,0.276364,0.254885]
----------
Unigrams has 6.76076,7.18214,5.30661(8)
For 0, Markov has 2.70926,1.80711,0.847717(5)
For 2, Self-Markov has 0.193711,3.57679,2.81098(0)For 2, Dual-Markov has 0,1.66749,0.61271(7)
Long pattern matcher has 973,6,1(17)
Self pattern matcher has 1117,0,0(14)
[0.127392,0.218295,0.654313]
[0.468752,0.276364,0.254885]
I am confident. (0.213867)
----------
0.344349 0.316017 0.339634 
Going to flip (2). Array is [0.344349,0.316017,0.339634]
Flipped. New array is [0.339634,0.344349,0.316017]
0.49887 0.264667 0.236463 
0.470657 0.281579 0.247765 
0.418903 0.492415 0.0886822 
0.851728 0.0706256 0.077646 
0.939004 0.00435687 0.0566392 
0.288845 0.169356 0.541799 
Going to flip (2). Array is [0.288845,0.169356,0.541799]
Flipped. New array is [0.541799,0.288845,0.169356]
----------
Unigrams has 6.49033,7.89486,5.09435(9)
For 1, Markov has 2.08326,2.37285,1.71957(5)
For 0, Self-Markov has 4.06751,0.753376,0.291989(0)For 3, Dual-Markov has 1.9957,0.407349,0(7)
Long pattern matcher has 0,10,1(17)
Self pattern matcher has 681,436,0(14)
[0.154113,0.268027,0.57786]
[0.541799,0.288845,0.169356]
I am confident. (0.372443)
----------
0.335385 0.289754 0.374861 
Going to flip (2). Array is [0.335385,0.289754,0.374861]
Flipped. New array is [0.374861,0.335385,0.289754]
0.430529 0.301734 0.267737 
0.503145 0.259132 0.237723 
0.280306 0.680297 0.0393974 
Going to flip (1). Array is [0.280306,0.680297,0.0393974]
Flipped. New array is [0.680297,0.0393974,0.280306]
0.332696 0.642628 0.0246758 
Going to flip (1). Array is [0.332696,0.642628,0.0246758]
Flipped. New array is [0.642628,0.0246758,0.332696]
0.318407 0.259451 0.422142 
Going to flip (2). Array is [0.318407,0.259451,0.422142]
Flipped. New array is [0.422142,0.318407,0.259451]
0.241478 0.512731 0.245791 
Going to flip (1). Array is [0.241478,0.512731,0.245791]
Flipped. New array is [0.512731,0.245791,0.241478]
----------
Unigrams has 7.23072,7.57906,4.89058(10)
For 0, Markov has 2.4451,2.58091,0.765065(5)
For 0, Self-Markov has 4.86413,0.715707,0.27739(0)For 0, Dual-Markov has 1.46691,0.270819,0.360397(9)
Long pattern matcher has 2,1,0(19)
Self pattern matcher has 997,120,0(15)
[0.282616,0.579281,0.138103]
[0.512731,0.245791,0.241478]
I am confident. (0.271253)
----------
0.382029 0.358405 0.259566 
0.344276 0.343337 0.312387 
0.535876 0.237954 0.22617 
0.692451 0.124725 0.182824 
0.411968 0.503448 0.0845843 
0.764956 0.0863747 0.14867 
0.324101 0.157517 0.518382 
Going to flip (2). Array is [0.324101,0.157517,0.518382]
Flipped. New array is [0.518382,0.324101,0.157517]
----------
Unigrams has 7.94149,7.2759,4.69495(10)
For 0, Markov has 3.32285,2.45187,0.726811(5)
For 2, Self-Markov has 0.166083,3.96915,2.41006(0)For 2, Dual-Markov has 0,2.39689,0.542086(9)
Long pattern matcher has 18,2,3(19)
Self pattern matcher has 301,1,3(15)
[0.361354,0.361609,0.277038]
[0.518382,0.324101,0.157517]
I am confident. (0.360865)
----------
0.39319 0.27691 0.3299 
0.353149 0.388651 0.2582 
0.519109 0.2748 0.20609 
0.392659 0.532408 0.0749328 
0.664443 0.249357 0.0862002 
0.262155 0.0310448 0.7068 
Going to flip (2). Array is [0.262155,0.0310448,0.7068]
Flipped. New array is [0.7068,0.262155,0.0310448]
0.311845 0.356199 0.331956 
Going to flip (1). Array is [0.311845,0.356199,0.331956]
Flipped. New array is [0.356199,0.331956,0.311845]
----------
Unigrams has 7.62383,6.98486,5.50715(10)
For 2, Markov has 0.972285,1.52381,1.42455(5)
For 1, Self-Markov has 1.31997,1.47089,1.04944(0)For 7, Dual-Markov has 0,1.00251,0.874807(9)
Long pattern matcher has 0,6,0(19)
Self pattern matcher has 0,7,301(16)
[0.144145,0.370863,0.484993]
[0.356199,0.331956,0.311845]
I am inconfident, and played randomly. (0.0443539)
----------
0.320568 0.319675 0.359757 
Going to flip (2). Array is [0.320568,0.319675,0.359757]
Flipped. New array is [0.359757,0.320568,0.319675]
0.326531 0.382246 0.291222 
Going to flip (1). Array is [0.326531,0.382246,0.291222]
Flipped. New array is [0.382246,0.291222,0.326531]
0.5055 0.281692 0.212808 
0.469148 0.24431 0.286542 
0.250451 0.717058 0.0324917 
Going to flip (1). Array is [0.250451,0.717058,0.0324917]
Flipped. New array is [0.717058,0.0324917,0.250451]
0.904971 0.0867301 0.00829876 
0.369171 0.165814 0.465015 
Going to flip (2). Array is [0.369171,0.165814,0.465015]
Flipped. New array is [0.465015,0.369171,0.165814]
----------
Unigrams has 7.31888,7.70547,5.28687(11)
For 1, Markov has 2.5542,1.9327,1.4006(7)
For 2, Self-Markov has 0.14989,3.58216,3.12508(0)For 5, Dual-Markov has 0,1.39768,1.1588(9)
Long pattern matcher has 11,3,0(21)
Self pattern matcher has 0,301,0(16)
[0.671232,0.196663,0.132105]
[0.465015,0.369171,0.165814]
I am confident. (0.299201)
----------
0.373221 0.347869 0.278909 
0.40301 0.269758 0.327232 
0.500524 0.305762 0.193713 
0.46126 0.394612 0.144128 
0.216226 0.159466 0.624307 
Going to flip (2). Array is [0.216226,0.159466,0.624307]
Flipped. New array is [0.624307,0.216226,0.159466]
0.299169 0.0286716 0.672159 
Going to flip (2). Array is [0.299169,0.0286716,0.672159]
Flipped. New array is [0.672159,0.299169,0.0286716]
0.162833 0.212586 0.62458 
Going to flip (2). Array is [0.162833,0.212586,0.62458]
Flipped. New array is [0.62458,0.162833,0.212586]
----------
Unigrams has 7.02612,7.39725,6.07539(11)
For 2, Markov has 0.877488,2.32524,1.28566(7)
For 1, Self-Markov has 1.19127,2.27748,0.947117(0)For 7, Dual-Markov has 0,1.88391,0.806222(9)
Long pattern matcher has 0,0,2(22)
Self pattern matcher has 0,5,301(17)
[0.472675,0.115757,0.411568]
[0.62458,0.162833,0.212586]
I am confident. (0.411994)
----------
0.354095 0.315541 0.330364 
0.359618 0.362186 0.278196 
0.502047 0.302163 0.19579 
0.570577 0.214152 0.215271 
0.909369 0.0521619 0.0384692 
0.177764 0.802635 0.0196012 
Going to flip (1). Array is [0.177764,0.802635,0.0196012]
Flipped. New array is [0.802635,0.0196012,0.177764]
0.15333 0.449796 0.396875 
Going to flip (1). Array is [0.15333,0.449796,0.396875]
Flipped. New array is [0.449796,0.396875,0.15333]
----------
Unigrams has 6.74508,8.10136,5.83238(11)
For 1, Markov has 2.30517,1.74427,2.21404(7)
For 0, Self-Markov has 4.57828,0.553801,0.214639(0)For 3, Dual-Markov has 2.37752,0.318856,0(9)
Long pattern matcher has 2,1,1(22)
Self pattern matcher has 11,300,15(19)
[0.617753,0.157674,0.224572]
[0.449796,0.396875,0.15333]
I am confident. (0.296466)
----------
0.312662 0.359378 0.32796 
Going to flip (1). Array is [0.312662,0.359378,0.32796]
Flipped. New array is [0.359378,0.32796,0.312662]
0.331624 0.364203 0.304172 
Going to flip (1). Array is [0.331624,0.364203,0.304172]
Flipped. New array is [0.364203,0.304172,0.331624]
0.53747 0.275961 0.186569 
0.70176 0.12387 0.17437 
0.452501 0.362463 0.185036 
0.895362 0.0307504 0.0738875 
0.607831 0.234751 0.157418 
----------
Unigrams has 7.47527,7.77731,5.59908(13)
For 0, Markov has 2.57116,1.89721,1.3769(9)
For 1, Self-Markov has 1.07512,3.00543,0.854773(0)For 1, Dual-Markov has 1.04167,0,0(9)
Long pattern matcher has 7,1,6(22)
Self pattern matcher has 309,0,0(19)
[0.319903,0.171721,0.508375]
[0.607831,0.234751,0.157418]
I am confident. (0.450414)
----------
0.368358 0.348116 0.283526 
0.400222 0.271511 0.328267 
0.505507 0.265685 0.228808 
0.817901 0.0756324 0.106467 
0.211054 0.449606 0.339339 
Going to flip (1). Array is [0.211054,0.449606,0.339339]
Flipped. New array is [0.449606,0.339339,0.211054]
0.251074 0.728206 0.0207193 
Going to flip (1). Array is [0.251074,0.728206,0.0207193]
Flipped. New array is [0.728206,0.0207193,0.251074]
0.361125 0.469202 0.169674 
----------
Unigrams has 8.17626,7.46621,5.37512(13)
For 0, Markov has 3.4426,1.80235,1.30805(9)
For 0, Self-Markov has 5.0819,0.499805,0.193711(0)For 0, Dual-Markov has 1.88506,0.203506,0.270819(9)
Long pattern matcher has 15,2,9(24)
Self pattern matcher has 314,0,1(21)
[0.802461,0.0780099,0.119529]
[0.361125,0.469202,0.169674]
I am confident. (0.191451)
----------
0.380839 0.292319 0.326842 
0.312271 0.273059 0.41467 
Going to flip (2). Array is [0.312271,0.273059,0.41467]
Flipped. New array is [0.41467,0.312271,0.273059]
0.45831 0.24777 0.293919 
0.564442 0.0794612 0.356097 
Going to flip (2). Array is [0.564442,0.0794612,0.356097]
Flipped. New array is [0.356097,0.564442,0.0794612]
0.376478 0.153843 0.469679 
Going to flip (2). Array is [0.376478,0.153843,0.469679]
Flipped. New array is [0.469679,0.376478,0.153843]
0.165823 0.00464802 0.829529 
Going to flip (2). Array is [0.165823,0.00464802,0.829529]
Flipped. New array is [0.829529,0.165823,0.00464802]
0.172402 0.163622 0.663975 
Going to flip (2). Array is [0.172402,0.163622,0.663975]
Flipped. New array is [0.663975,0.172402,0.163622]
----------
Unigrams has 7.84921,7.16756,6.16011(13)
For 2, Markov has 0.714719,2.7513,1.04718(10)
For 1, Self-Markov has 1.9203,2.7124,0.771432(0)For 7, Dual-Markov has 0,2.48483,0.684762(10)
Long pattern matcher has 0,17,0(25)
Self pattern matcher has 21,0,300(22)
[0.541117,0.0674433,0.391439]
[0.663975,0.172402,0.163622]
I am confident. (0.500353)
----------
0.375198 0.291527 0.333275 
0.273513 0.268078 0.458409 
Going to flip (2). Array is [0.273513,0.268078,0.458409]
Flipped. New array is [0.458409,0.273513,0.268078]
0.426754 0.273184 0.300061 
0.182185 0.394289 0.423526 
Going to flip (1). Array is [0.182185,0.394289,0.423526]
Flipped. New array is [0.394289,0.423526,0.182185]
0.110139 0.0882831 0.801578 
Going to flip (2). Array is [0.110139,0.0882831,0.801578]
Flipped. New array is [0.801578,0.110139,0.0882831]
0.202552 0.796613 0.000834164 
Going to flip (1). Array is [0.202552,0.796613,0.000834164]
Flipped. New array is [0.796613,0.000834164,0.202552]
0.439155 0.0858195 0.475026 
Going to flip (2). Array is [0.439155,0.0858195,0.475026]
Flipped. New array is [0.475026,0.439155,0.0858195]
----------
Unigrams has 7.53524,6.88086,6.91371(13)
For 2, Markov has 0.678983,2.61373,1.99482(11)
For 0, Self-Markov has 4.58641,0.451074,1.12482(0)For 6, Dual-Markov has 0.638239,0.203506,0(12)
Long pattern matcher has 1,1,0(26)
Self pattern matcher has 10,0,307(24)
[0.566432,0.191219,0.242349]
[0.475026,0.439155,0.0858195]
I am confident. (0.389206)
----------
0.364054 0.3081 0.327846 
0.481413 0.180564 0.338023 
Going to flip (2). Array is [0.481413,0.180564,0.338023]
Flipped. New array is [0.338023,0.481413,0.180564]
0.402332 0.253186 0.344482 
Going to flip (2). Array is [0.402332,0.253186,0.344482]
Flipped. New array is [0.344482,0.402332,0.253186]
0.16138 0.31616 0.52246 
Going to flip (2). Array is [0.16138,0.31616,0.52246]
Flipped. New array is [0.52246,0.16138,0.31616]
0.556575 0.426863 0.0165617 
0.943783 0.000119764 0.0560977 
0.274939 0.225946 0.499115 
Going to flip (2). Array is [0.274939,0.225946,0.499115]
Flipped. New array is [0.499115,0.274939,0.225946]
----------
Unigrams has 7.23383,6.60563,7.63716(13)
For 2, Markov has 0.645034,2.48305,2.89508(12)
For 1, Self-Markov has 1.73307,2.44794,1.64622(1)For 7, Dual-Markov has 0,2.29002,1.59108(13)
Long pattern matcher has 1,1,1(26)
Self pattern matcher has 16,0,310(24)
[0.214517,0.191853,0.59363]
[0.499115,0.274939,0.225946]
I am confident. (0.273169)
----------
0.351325 0.330306 0.318369 
0.439646 0.432137 0.128218 
0.331302 0.36878 0.299918 
Going to flip (1). Array is [0.331302,0.36878,0.299918]
Flipped. New array is [0.36878,0.299918,0.331302]
0.171072 0.328563 0.500365 
Going to flip (2). Array is [0.171072,0.328563,0.500365]
Flipped. New array is [0.500365,0.171072,0.328563]
0.391117 0.357542 0.251341 
0.949356 2.62541e-05 0.0506182 
0.58304 0.201163 0.215798 
----------
Unigrams has 6.94448,6.3414,8.33168(13)
For 2, Markov has 0.612782,2.35889,3.75032(12)
For 0, Self-Markov has 4.13924,0.407094,1.96515(3)For 6, Dual-Markov has 0.588201,0.187552,0.96(14)
Long pattern matcher has 1,1,4(26)
Self pattern matcher has 10,3,322(24)
[0.173921,0.134341,0.691738]
[0.58304,0.201163,0.215798]
I am confident. (0.367242)
----------
0.326353 0.326402 0.347245 
Going to flip (2). Array is [0.326353,0.326402,0.347245]
Flipped. New array is [0.347245,0.326353,0.326402]
0.212705 0.514048 0.273247 
Going to flip (1). Array is [0.212705,0.514048,0.273247]
Flipped. New array is [0.514048,0.273247,0.212705]
0.481947 0.300715 0.217338 
0.539267 0.12456 0.336173 
Going to flip (2). Array is [0.539267,0.12456,0.336173]
Flipped. New array is [0.336173,0.539267,0.12456]
0.577677 0.228311 0.194013 
0.294019 0.685056 0.0209248 
Going to flip (1). Array is [0.294019,0.685056,0.0209248]
Flipped. New array is [0.685056,0.0209248,0.294019]
0.252 0.598113 0.149887 
Going to flip (1). Array is [0.252,0.598113,0.149887]
Flipped. New array is [0.598113,0.149887,0.252]
----------
Unigrams has 7.6667,6.08775,7.99841(14)
For 0, Markov has 2.66382,1.39462,1.82665(14)
For 0, Self-Markov has 4.93228,0.38674,1.8669(3)For 0, Dual-Markov has 1.53703,0.165934,1.07017(15)
Long pattern matcher has 3,0,0(26)
Self pattern matcher has 307,2,0(26)
[0.146324,0.254342,0.599334]
[0.598113,0.149887,0.252]
I am confident. (0.346114)
----------
0.310549 0.340562 0.348889 
Going to flip (1). Array is [0.310549,0.340562,0.348889]
Flipped. New array is [0.340562,0.348889,0.310549]
0.314285 0.402584 0.283131 
Going to flip (1). Array is [0.314285,0.402584,0.283131]
Flipped. New array is [0.402584,0.283131,0.314285]
0.394954 0.204031 0.401015 
Going to flip (2). Array is [0.394954,0.204031,0.401015]
Flipped. New array is [0.401015,0.394954,0.204031]
0.375484 0.160305 0.464211 
Going to flip (2). Array is [0.375484,0.160305,0.464211]
Flipped. New array is [0.464211,0.375484,0.160305]
0.219898 0.70625 0.0738526 
Going to flip (1). Array is [0.219898,0.70625,0.0738526]
Flipped. New array is [0.70625,0.0738526,0.219898]
0.162435 0.769989 0.067576 
Going to flip (1). Array is [0.162435,0.769989,0.067576]
Flipped. New array is [0.769989,0.067576,0.162435]
0.599148 0.238394 0.162458 
----------
Unigrams has 7.36003,5.84424,8.67847(16)
For 2, Markov has 1.50304,2.1289,3.38467(16)
For 0, Self-Markov has 4.68566,0.367403,2.77355(4)For 6, Dual-Markov has 1.50209,0.172847,0.884736(16)
Long pattern matcher has 0,3,1(28)
Self pattern matcher has 8,4,301(28)
[0.198942,0.255152,0.545906]
[0.599148,0.238394,0.162458]
I am confident. (0.43669)
----------
0.337878 0.37921 0.282912 
0.25626 0.437904 0.305837 
Going to flip (1). Array is [0.25626,0.437904,0.305837]
Flipped. New array is [0.437904,0.305837,0.25626]
0.502474 0.374125 0.123401 
0.566272 0.350647 0.0830811 
0.215072 0.196358 0.588569 
Going to flip (2). Array is [0.215072,0.196358,0.588569]
Flipped. New array is [0.588569,0.215072,0.196358]
0.162436 0.797267 0.0402965 
Going to flip (1). Array is [0.162436,0.797267,0.0402965]
Flipped. New array is [0.797267,0.0402965,0.162436]
0.558013 0.251341 0.190645 
----------
Unigrams has 7.06563,5.61047,9.33133(16)
For 2, Markov has 1.42788,2.02246,4.21543(18)
For 0, Self-Markov has 4.45138,0.349032,3.63487(4)For 6, Dual-Markov has 1.442,0.165934,1.84935(16)
Long pattern matcher has 3,1,4(29)
Self pattern matcher has 10,2,304(30)
[0.554518,0.142488,0.302994]
[0.558013,0.251341,0.190645]
I am confident. (0.367368)
